[
  {
    "objectID": "ultimo.html",
    "href": "ultimo.html",
    "title": "Análises inferênciais dos dados do experimento",
    "section": "",
    "text": "library(janitor)\nlibrary(car)       # para teste de Levene\nlibrary(emmeans)   # para pós-hoc\nlibrary(multcompView) # para compact letter display no pós-hoc\nlibrary(multcomp)\nlibrary(agricolae)\nlibrary(tidyr)\nlibrary(agridat)\nlibrary(ggplot2)\nlibrary(dplyr)"
  },
  {
    "objectID": "ultimo.html#peso-dos-capulhos-weight",
    "href": "ultimo.html#peso-dos-capulhos-weight",
    "title": "Análises inferênciais dos dados do experimento",
    "section": "Peso dos capulhos (weight)",
    "text": "Peso dos capulhos (weight)\n\ndata(silva.cotton)\ndat &lt;- silva.cotton\n\n# Remover NAs (apenas na variável weigth)\ndados_anova_weight &lt;- dat |&gt; tidyr::drop_na(weight)\ndados_anova_weight$defoliation &lt;- as.factor(dados_anova_weight$defoliation)\n\n# ANOVA bifatorial (modelo aditivo com interação)\nmodelo_weight &lt;- aov(weight ~ stage * defoliation, data = dados_anova_weight)\n\n# Sumário da ANOVA\nsummary(modelo_weight)\n\n                   Df Sum Sq Mean Sq F value   Pr(&gt;F)    \nstage               4 1467.4   366.8  29.503 3.34e-16 ***\ndefoliation         4 2287.2   571.8  45.987  &lt; 2e-16 ***\nstage:defoliation  16  789.6    49.3   3.969 9.37e-06 ***\nResiduals         100 1243.4    12.4                     \n---\nSignif. codes:  0 '***' 0.001 '**' 0.01 '*' 0.05 '.' 0.1 ' ' 1\n\n# Verificação de pressupostos \n\n# 1. Normalidade dos resíduos\n# p &gt; 0.05 = resíduos normais\nshapiro.test(residuals(modelo_weight)) \n\n\n    Shapiro-Wilk normality test\n\ndata:  residuals(modelo_weight)\nW = 0.9925, p-value = 0.7434\n\n# 2. Homogeneidade de variâncias (Levene)\n# p &gt; 0.05 = variâncias homogêneas\nleveneTest(weight ~ stage * defoliation, data = dados_anova_weight)\n\nLevene's Test for Homogeneity of Variance (center = median)\n       Df F value Pr(&gt;F)\ngroup  24  0.7113 0.8294\n      100               \n\n#a interação foi significativa, os dados seguiram normalidade e atenderam ao pressuposto de homogeneidade, seguimos então com o teste Tukey de médias. \n\n#Pós-hoc: teste de Tukey para defoliation (significativo)\n#decompões as médias de cada estádio dentro de desfolha \n#mostrar as diferenças estatísticas para letras na coluna (maiusculas). \nmedia_stage &lt;- emmeans(modelo_weight, ~ stage | defoliation)\nmedia_stage\n\ndefoliation = 0:\n stage      emmean   SE  df lower.CL upper.CL\n blossom     28.75 1.58 100     25.6    31.88\n boll        28.98 1.58 100     25.9    32.11\n bollopen    34.18 1.58 100     31.1    37.31\n flowerbud   29.14 1.58 100     26.0    32.26\n vegetative  31.73 1.58 100     28.6    34.86\n\ndefoliation = 25:\n stage      emmean   SE  df lower.CL upper.CL\n blossom     21.13 1.58 100     18.0    24.26\n boll        26.52 1.58 100     23.4    29.65\n bollopen    31.13 1.58 100     28.0    34.25\n flowerbud   28.86 1.58 100     25.7    31.99\n vegetative  31.74 1.58 100     28.6    34.87\n\ndefoliation = 50:\n stage      emmean   SE  df lower.CL upper.CL\n blossom     20.70 1.58 100     17.6    23.83\n boll        28.72 1.58 100     25.6    31.85\n bollopen    28.45 1.58 100     25.3    31.58\n flowerbud   29.57 1.58 100     26.4    32.70\n vegetative  28.94 1.58 100     25.8    32.07\n\ndefoliation = 75:\n stage      emmean   SE  df lower.CL upper.CL\n blossom     20.27 1.58 100     17.1    23.39\n boll        21.93 1.58 100     18.8    25.06\n bollopen    28.55 1.58 100     25.4    31.68\n flowerbud   26.57 1.58 100     23.4    29.70\n vegetative  29.02 1.58 100     25.9    32.15\n\ndefoliation = 100:\n stage      emmean   SE  df lower.CL upper.CL\n blossom     13.41 1.58 100     10.3    16.54\n boll         6.73 1.58 100      3.6     9.86\n bollopen    25.35 1.58 100     22.2    28.48\n flowerbud   23.24 1.58 100     20.1    26.37\n vegetative  20.88 1.58 100     17.7    24.01\n\nConfidence level used: 0.95 \n\ncld(media_stage, Letters = letters)\n\ndefoliation = 0:\n stage      emmean   SE  df lower.CL upper.CL .group\n blossom     28.75 1.58 100     25.6    31.88  a    \n boll        28.98 1.58 100     25.9    32.11  a    \n flowerbud   29.14 1.58 100     26.0    32.26  a    \n vegetative  31.73 1.58 100     28.6    34.86  a    \n bollopen    34.18 1.58 100     31.1    37.31  a    \n\ndefoliation = 25:\n stage      emmean   SE  df lower.CL upper.CL .group\n blossom     21.13 1.58 100     18.0    24.26  a    \n boll        26.52 1.58 100     23.4    29.65  ab   \n flowerbud   28.86 1.58 100     25.7    31.99   b   \n bollopen    31.13 1.58 100     28.0    34.25   b   \n vegetative  31.74 1.58 100     28.6    34.87   b   \n\ndefoliation = 50:\n stage      emmean   SE  df lower.CL upper.CL .group\n blossom     20.70 1.58 100     17.6    23.83  a    \n bollopen    28.45 1.58 100     25.3    31.58   b   \n boll        28.72 1.58 100     25.6    31.85   b   \n vegetative  28.94 1.58 100     25.8    32.07   b   \n flowerbud   29.57 1.58 100     26.4    32.70   b   \n\ndefoliation = 75:\n stage      emmean   SE  df lower.CL upper.CL .group\n blossom     20.27 1.58 100     17.1    23.39  a    \n boll        21.93 1.58 100     18.8    25.06  ab   \n flowerbud   26.57 1.58 100     23.4    29.70   bc  \n bollopen    28.55 1.58 100     25.4    31.68    c  \n vegetative  29.02 1.58 100     25.9    32.15    c  \n\ndefoliation = 100:\n stage      emmean   SE  df lower.CL upper.CL .group\n boll         6.73 1.58 100      3.6     9.86  a    \n blossom     13.41 1.58 100     10.3    16.54   b   \n vegetative  20.88 1.58 100     17.7    24.01    c  \n flowerbud   23.24 1.58 100     20.1    26.37    c  \n bollopen    25.35 1.58 100     22.2    28.48    c  \n\nConfidence level used: 0.95 \nP value adjustment: tukey method for comparing a family of 5 estimates \nsignificance level used: alpha = 0.05 \nNOTE: If two or more means share the same grouping symbol,\n      then we cannot show them to be different.\n      But we also did not show them to be the same. \n\n#Pós-hoc: teste de Tukey para stage (significativo)\n#decompões as médias de cada nivel de desfolha dentro dos estádios \n#mostrar as diferenças estatísticas para letras na linha (minusculas). \nmedia_defoliation &lt;- emmeans(modelo_weight, ~ defoliation | stage)\nmedia_defoliation\n\nstage = blossom:\n defoliation emmean   SE  df lower.CL upper.CL\n 0            28.75 1.58 100     25.6    31.88\n 25           21.13 1.58 100     18.0    24.26\n 50           20.70 1.58 100     17.6    23.83\n 75           20.27 1.58 100     17.1    23.39\n 100          13.41 1.58 100     10.3    16.54\n\nstage = boll:\n defoliation emmean   SE  df lower.CL upper.CL\n 0            28.98 1.58 100     25.9    32.11\n 25           26.52 1.58 100     23.4    29.65\n 50           28.72 1.58 100     25.6    31.85\n 75           21.93 1.58 100     18.8    25.06\n 100           6.73 1.58 100      3.6     9.86\n\nstage = bollopen:\n defoliation emmean   SE  df lower.CL upper.CL\n 0            34.18 1.58 100     31.1    37.31\n 25           31.13 1.58 100     28.0    34.25\n 50           28.45 1.58 100     25.3    31.58\n 75           28.55 1.58 100     25.4    31.68\n 100          25.35 1.58 100     22.2    28.48\n\nstage = flowerbud:\n defoliation emmean   SE  df lower.CL upper.CL\n 0            29.14 1.58 100     26.0    32.26\n 25           28.86 1.58 100     25.7    31.99\n 50           29.57 1.58 100     26.4    32.70\n 75           26.57 1.58 100     23.4    29.70\n 100          23.24 1.58 100     20.1    26.37\n\nstage = vegetative:\n defoliation emmean   SE  df lower.CL upper.CL\n 0            31.73 1.58 100     28.6    34.86\n 25           31.74 1.58 100     28.6    34.87\n 50           28.94 1.58 100     25.8    32.07\n 75           29.02 1.58 100     25.9    32.15\n 100          20.88 1.58 100     17.7    24.01\n\nConfidence level used: 0.95 \n\ncld(media_defoliation, Letters = letters)\n\nstage = blossom:\n defoliation emmean   SE  df lower.CL upper.CL .group\n 100          13.41 1.58 100     10.3    16.54  a    \n 75           20.27 1.58 100     17.1    23.39   b   \n 50           20.70 1.58 100     17.6    23.83   b   \n 25           21.13 1.58 100     18.0    24.26   b   \n 0            28.75 1.58 100     25.6    31.88    c  \n\nstage = boll:\n defoliation emmean   SE  df lower.CL upper.CL .group\n 100           6.73 1.58 100      3.6     9.86  a    \n 75           21.93 1.58 100     18.8    25.06   b   \n 25           26.52 1.58 100     23.4    29.65   bc  \n 50           28.72 1.58 100     25.6    31.85    c  \n 0            28.98 1.58 100     25.9    32.11    c  \n\nstage = bollopen:\n defoliation emmean   SE  df lower.CL upper.CL .group\n 100          25.35 1.58 100     22.2    28.48  a    \n 50           28.45 1.58 100     25.3    31.58  ab   \n 75           28.55 1.58 100     25.4    31.68  ab   \n 25           31.13 1.58 100     28.0    34.25  ab   \n 0            34.18 1.58 100     31.1    37.31   b   \n\nstage = flowerbud:\n defoliation emmean   SE  df lower.CL upper.CL .group\n 100          23.24 1.58 100     20.1    26.37  a    \n 75           26.57 1.58 100     23.4    29.70  ab   \n 25           28.86 1.58 100     25.7    31.99  ab   \n 0            29.14 1.58 100     26.0    32.26  ab   \n 50           29.57 1.58 100     26.4    32.70   b   \n\nstage = vegetative:\n defoliation emmean   SE  df lower.CL upper.CL .group\n 100          20.88 1.58 100     17.7    24.01  a    \n 50           28.94 1.58 100     25.8    32.07   b   \n 75           29.02 1.58 100     25.9    32.15   b   \n 0            31.73 1.58 100     28.6    34.86   b   \n 25           31.74 1.58 100     28.6    34.87   b   \n\nConfidence level used: 0.95 \nP value adjustment: tukey method for comparing a family of 5 estimates \nsignificance level used: alpha = 0.05 \nNOTE: If two or more means share the same grouping symbol,\n      then we cannot show them to be different.\n      But we also did not show them to be the same. \n\n#para o CV (coeficiente de variação do modelo) da tabela \ncv.model(modelo_weight)\n\n[1] 13.67816\n\n\nTabela 1 - Resultado do teste de Tukey\n\n\n\n\n\n\n\n\n\n\n\nEstádio\n0\n25\n50\n75\n100\n\n\n\n\nFloração\n28,75 Ac\n21,13 Ab\n20,70 Ab\n20,27 Ab\n13,41 Aa\n\n\nCapulho\n28,98 Ac\n26,52 ABc\n28,72 Bbc\n21,93 ABb\n6,73 Ba\n\n\nMaçãs\n34,18 Ab\n31,13 Bab\n28,45 Bab\n28,55 BCab\n25,35 Ca\n\n\nBotão floral\n29,14 Ab\n28,86 Bab\n29,57 Bab\n26,57 Cab\n23,24 Ca\n\n\nVegetativo\n31,73 Ab\n31,74 Bb\n28,94 Bb\n29,02 Cb\n20,88 Ca\n\n\n\nCV = 13,67\nMédias seguidas pela mesma letra maiúscula na coluna, e minúscula na linha, não diferem estatisticamente entre si pelo teste de Tukey a 5% de probabilidade."
  },
  {
    "objectID": "ultimo.html#número-de-capulhos-viáveis-variável-reproductive",
    "href": "ultimo.html#número-de-capulhos-viáveis-variável-reproductive",
    "title": "Análises inferênciais dos dados do experimento",
    "section": "Número de capulhos viáveis (variável “reproductive”)",
    "text": "Número de capulhos viáveis (variável “reproductive”)\n\n# ANOVA bifatorial (modelo aditivo com interação)\ndat$defoliation &lt;- as.factor(dat$defoliation)\nmodelo_reproductive &lt;- aov(reproductive ~ stage * defoliation, data = dat)\n\n# Sumário da ANOVA\nsummary(modelo_reproductive)\n\n                   Df Sum Sq Mean Sq F value   Pr(&gt;F)    \nstage               4  38.98   9.746   9.842 2.35e-07 ***\ndefoliation         4  38.66   9.666   9.761 2.68e-07 ***\nstage:defoliation  16  28.42   1.776   1.794   0.0331 *  \nResiduals         225 222.80   0.990                     \n---\nSignif. codes:  0 '***' 0.001 '**' 0.01 '*' 0.05 '.' 0.1 ' ' 1\n\n# Verificação de pressupostos\n\n# 1. Normalidade dos resíduos\n# p &gt; 0.05 = resíduos normais\nshapiro.test(residuals(modelo_reproductive)) \n\n\n    Shapiro-Wilk normality test\n\ndata:  residuals(modelo_reproductive)\nW = 0.98262, p-value = 0.003781\n\n# 2. Homogeneidade de variâncias (Levene)\n# p &gt; 0.05 = variâncias homogêneas\nleveneTest(reproductive ~ stage * defoliation, data = dat)\n\nLevene's Test for Homogeneity of Variance (center = median)\n       Df F value Pr(&gt;F)\ngroup  24  1.2447 0.2057\n      225               \n\n#a interação foi siguinificativa, os dados não seguiram normalidade, mas atenderam ao pressuposto de homogeneidade, seguimos então com o teste Tukey. \n\n#Pós-hoc: teste de Tukey para defoliation (significativo)\n#decompões as médias de cada estádio dentro de desfolha \n#mostrar as diferenças estatísticas para letras na coluna (maiusculas). \nmedia_reproductive &lt;- emmeans(modelo_reproductive, ~ stage | defoliation)\nmedia_reproductive\n\ndefoliation = 0:\n stage      emmean    SE  df lower.CL upper.CL\n blossom       4.8 0.315 225     4.18     5.42\n boll          4.3 0.315 225     3.68     4.92\n bollopen      5.0 0.315 225     4.38     5.62\n flowerbud     4.2 0.315 225     3.58     4.82\n vegetative    4.6 0.315 225     3.98     5.22\n\ndefoliation = 25:\n stage      emmean    SE  df lower.CL upper.CL\n blossom       3.4 0.315 225     2.78     4.02\n boll          3.8 0.315 225     3.18     4.42\n bollopen      5.0 0.315 225     4.38     5.62\n flowerbud     4.7 0.315 225     4.08     5.32\n vegetative    5.1 0.315 225     4.48     5.72\n\ndefoliation = 50:\n stage      emmean    SE  df lower.CL upper.CL\n blossom       3.5 0.315 225     2.88     4.12\n boll          4.3 0.315 225     3.68     4.92\n bollopen      4.2 0.315 225     3.58     4.82\n flowerbud     4.5 0.315 225     3.88     5.12\n vegetative    4.3 0.315 225     3.68     4.92\n\ndefoliation = 75:\n stage      emmean    SE  df lower.CL upper.CL\n blossom       3.4 0.315 225     2.78     4.02\n boll          3.4 0.315 225     2.78     4.02\n bollopen      4.4 0.315 225     3.78     5.02\n flowerbud     4.5 0.315 225     3.88     5.12\n vegetative    4.2 0.315 225     3.58     4.82\n\ndefoliation = 100:\n stage      emmean    SE  df lower.CL upper.CL\n blossom       2.9 0.315 225     2.28     3.52\n boll          2.7 0.315 225     2.08     3.32\n bollopen      4.5 0.315 225     3.88     5.12\n flowerbud     3.9 0.315 225     3.28     4.52\n vegetative    3.2 0.315 225     2.58     3.82\n\nConfidence level used: 0.95 \n\ncld(media_reproductive, Letters = letters)\n\ndefoliation = 0:\n stage      emmean    SE  df lower.CL upper.CL .group\n flowerbud     4.2 0.315 225     3.58     4.82  a    \n boll          4.3 0.315 225     3.68     4.92  a    \n vegetative    4.6 0.315 225     3.98     5.22  a    \n blossom       4.8 0.315 225     4.18     5.42  a    \n bollopen      5.0 0.315 225     4.38     5.62  a    \n\ndefoliation = 25:\n stage      emmean    SE  df lower.CL upper.CL .group\n blossom       3.4 0.315 225     2.78     4.02  a    \n boll          3.8 0.315 225     3.18     4.42  ab   \n flowerbud     4.7 0.315 225     4.08     5.32   bc  \n bollopen      5.0 0.315 225     4.38     5.62   bc  \n vegetative    5.1 0.315 225     4.48     5.72    c  \n\ndefoliation = 50:\n stage      emmean    SE  df lower.CL upper.CL .group\n blossom       3.5 0.315 225     2.88     4.12  a    \n bollopen      4.2 0.315 225     3.58     4.82  a    \n vegetative    4.3 0.315 225     3.68     4.92  a    \n boll          4.3 0.315 225     3.68     4.92  a    \n flowerbud     4.5 0.315 225     3.88     5.12  a    \n\ndefoliation = 75:\n stage      emmean    SE  df lower.CL upper.CL .group\n blossom       3.4 0.315 225     2.78     4.02  a    \n boll          3.4 0.315 225     2.78     4.02  a    \n vegetative    4.2 0.315 225     3.58     4.82  a    \n bollopen      4.4 0.315 225     3.78     5.02  a    \n flowerbud     4.5 0.315 225     3.88     5.12  a    \n\ndefoliation = 100:\n stage      emmean    SE  df lower.CL upper.CL .group\n boll          2.7 0.315 225     2.08     3.32  a    \n blossom       2.9 0.315 225     2.28     3.52  a    \n vegetative    3.2 0.315 225     2.58     3.82  a    \n flowerbud     3.9 0.315 225     3.28     4.52  ab   \n bollopen      4.5 0.315 225     3.88     5.12   b   \n\nConfidence level used: 0.95 \nP value adjustment: tukey method for comparing a family of 5 estimates \nsignificance level used: alpha = 0.05 \nNOTE: If two or more means share the same grouping symbol,\n      then we cannot show them to be different.\n      But we also did not show them to be the same. \n\n#Pós-hoc: teste de Tukey para stage (significativo)\n#decompões as médias de cada nivel de desfolha dentro dos estádios \n#mostrar as diferenças estatísticas para letras na linha (minusculas). \nmedia_defoliation &lt;- emmeans(modelo_reproductive, ~ defoliation | stage)\nmedia_defoliation\n\nstage = blossom:\n defoliation emmean    SE  df lower.CL upper.CL\n 0              4.8 0.315 225     4.18     5.42\n 25             3.4 0.315 225     2.78     4.02\n 50             3.5 0.315 225     2.88     4.12\n 75             3.4 0.315 225     2.78     4.02\n 100            2.9 0.315 225     2.28     3.52\n\nstage = boll:\n defoliation emmean    SE  df lower.CL upper.CL\n 0              4.3 0.315 225     3.68     4.92\n 25             3.8 0.315 225     3.18     4.42\n 50             4.3 0.315 225     3.68     4.92\n 75             3.4 0.315 225     2.78     4.02\n 100            2.7 0.315 225     2.08     3.32\n\nstage = bollopen:\n defoliation emmean    SE  df lower.CL upper.CL\n 0              5.0 0.315 225     4.38     5.62\n 25             5.0 0.315 225     4.38     5.62\n 50             4.2 0.315 225     3.58     4.82\n 75             4.4 0.315 225     3.78     5.02\n 100            4.5 0.315 225     3.88     5.12\n\nstage = flowerbud:\n defoliation emmean    SE  df lower.CL upper.CL\n 0              4.2 0.315 225     3.58     4.82\n 25             4.7 0.315 225     4.08     5.32\n 50             4.5 0.315 225     3.88     5.12\n 75             4.5 0.315 225     3.88     5.12\n 100            3.9 0.315 225     3.28     4.52\n\nstage = vegetative:\n defoliation emmean    SE  df lower.CL upper.CL\n 0              4.6 0.315 225     3.98     5.22\n 25             5.1 0.315 225     4.48     5.72\n 50             4.3 0.315 225     3.68     4.92\n 75             4.2 0.315 225     3.58     4.82\n 100            3.2 0.315 225     2.58     3.82\n\nConfidence level used: 0.95 \n\ncld(media_defoliation, Letters = letters)\n\nstage = blossom:\n defoliation emmean    SE  df lower.CL upper.CL .group\n 100            2.9 0.315 225     2.28     3.52  a    \n 75             3.4 0.315 225     2.78     4.02  a    \n 25             3.4 0.315 225     2.78     4.02  a    \n 50             3.5 0.315 225     2.88     4.12  a    \n 0              4.8 0.315 225     4.18     5.42   b   \n\nstage = boll:\n defoliation emmean    SE  df lower.CL upper.CL .group\n 100            2.7 0.315 225     2.08     3.32  a    \n 75             3.4 0.315 225     2.78     4.02  ab   \n 25             3.8 0.315 225     3.18     4.42  ab   \n 50             4.3 0.315 225     3.68     4.92   b   \n 0              4.3 0.315 225     3.68     4.92   b   \n\nstage = bollopen:\n defoliation emmean    SE  df lower.CL upper.CL .group\n 50             4.2 0.315 225     3.58     4.82  a    \n 75             4.4 0.315 225     3.78     5.02  a    \n 100            4.5 0.315 225     3.88     5.12  a    \n 0              5.0 0.315 225     4.38     5.62  a    \n 25             5.0 0.315 225     4.38     5.62  a    \n\nstage = flowerbud:\n defoliation emmean    SE  df lower.CL upper.CL .group\n 100            3.9 0.315 225     3.28     4.52  a    \n 0              4.2 0.315 225     3.58     4.82  a    \n 75             4.5 0.315 225     3.88     5.12  a    \n 50             4.5 0.315 225     3.88     5.12  a    \n 25             4.7 0.315 225     4.08     5.32  a    \n\nstage = vegetative:\n defoliation emmean    SE  df lower.CL upper.CL .group\n 100            3.2 0.315 225     2.58     3.82  a    \n 75             4.2 0.315 225     3.58     4.82  ab   \n 50             4.3 0.315 225     3.68     4.92  ab   \n 0              4.6 0.315 225     3.98     5.22   b   \n 25             5.1 0.315 225     4.48     5.72   b   \n\nConfidence level used: 0.95 \nP value adjustment: tukey method for comparing a family of 5 estimates \nsignificance level used: alpha = 0.05 \nNOTE: If two or more means share the same grouping symbol,\n      then we cannot show them to be different.\n      But we also did not show them to be the same. \n\n#para o CV (coeficiente de variação do modelo) da tabela \ncv.model(modelo_reproductive)\n\n[1] 24.19988\n\n\nTabela 2 - Resultado do teste de Tukey\n\n\n\nEstádio\n0\n25\n50\n75\n100\n\n\n\n\nfloração\n4,8 Ab\n3,4 Aa\n3,5 Aa\n3,4 Aa\n2,9 Aa\n\n\ncapulho\n4,3 Ab\n3,8 ABb\n4,3 Aab\n3,4 Aab\n2,7 Aa\n\n\nmaçãs\n5,0 Aa\n5,0 BCa\n4,2 Aa\n4,2 Aa\n4,5 Ba\n\n\nbotão floral\n4,2 Aa\n4,7 BCa\n4,5 Aa\n4,4 Aa\n3,9 ABa\n\n\nvegetativo\n4,6 Ab\n5,1 Cb\n4,3 Aab\n4,5 Aab\n3,2 Aa\n\n\n\nCV = 24,19\nMédias seguidas pela mesma letra maiúscula na coluna, e minúscula na linha, não diferem estatisticamente entre si pelo teste de Tukey a 5% de probabilidade."
  },
  {
    "objectID": "ultimo.html#número-de-capulhos-variável-bolls",
    "href": "ultimo.html#número-de-capulhos-variável-bolls",
    "title": "Análises inferênciais dos dados do experimento",
    "section": "Número de capulhos (Variável “bolls”)",
    "text": "Número de capulhos (Variável “bolls”)\n\nmodelo_bolls &lt;- aov(bolls ~ stage * defoliation, data = dat)\nsummary(modelo_bolls)\n\n                   Df Sum Sq Mean Sq F value   Pr(&gt;F)    \nstage               4  76.82  19.206  19.768 5.84e-14 ***\ndefoliation         4  67.50  16.876  17.370 1.96e-12 ***\nstage:defoliation  16  53.14   3.321   3.418 1.95e-05 ***\nResiduals         225 218.60   0.972                     \n---\nSignif. codes:  0 '***' 0.001 '**' 0.01 '*' 0.05 '.' 0.1 ' ' 1\n\nshapiro.test(residuals(modelo_bolls)) \n\n\n    Shapiro-Wilk normality test\n\ndata:  residuals(modelo_bolls)\nW = 0.98485, p-value = 0.009351\n\nleveneTest(bolls ~ stage * defoliation, data = dat) \n\nLevene's Test for Homogeneity of Variance (center = median)\n       Df F value Pr(&gt;F)\ngroup  24  1.3096 0.1587\n      225               \n\n#a interação foi siguinificativa, os dados não seguiram normalidade, mas atenderam ao pressuposto de homogeneidade, seguimos então com o teste Tukey. \n\n#Pós-hoc: teste de Tukey para defoliation (significativo)\n#decompõe as médias de cada estádio dentro de desfolha \n#mostrar as diferenças estatísticas para letras na coluna (maiusculas). \nmedia_bolls &lt;- emmeans(modelo_bolls, ~ stage | defoliation)\nmedia_bolls \n\ndefoliation = 0:\n stage      emmean    SE  df lower.CL upper.CL\n blossom       4.7 0.312 225    4.086     5.31\n boll          4.3 0.312 225    3.686     4.91\n bollopen      5.0 0.312 225    4.386     5.61\n flowerbud     4.2 0.312 225    3.586     4.81\n vegetative    4.5 0.312 225    3.886     5.11\n\ndefoliation = 25:\n stage      emmean    SE  df lower.CL upper.CL\n blossom       2.9 0.312 225    2.286     3.51\n boll          3.5 0.312 225    2.886     4.11\n bollopen      5.0 0.312 225    4.386     5.61\n flowerbud     4.7 0.312 225    4.086     5.31\n vegetative    5.0 0.312 225    4.386     5.61\n\ndefoliation = 50:\n stage      emmean    SE  df lower.CL upper.CL\n blossom       2.9 0.312 225    2.286     3.51\n boll          4.4 0.312 225    3.786     5.01\n bollopen      4.1 0.312 225    3.486     4.71\n flowerbud     4.4 0.312 225    3.786     5.01\n vegetative    4.3 0.312 225    3.686     4.91\n\ndefoliation = 75:\n stage      emmean    SE  df lower.CL upper.CL\n blossom       3.0 0.312 225    2.386     3.61\n boll          3.1 0.312 225    2.486     3.71\n bollopen      4.4 0.312 225    3.786     5.01\n flowerbud     4.4 0.312 225    3.786     5.01\n vegetative    4.0 0.312 225    3.386     4.61\n\ndefoliation = 100:\n stage      emmean    SE  df lower.CL upper.CL\n blossom       2.3 0.312 225    1.686     2.91\n boll          1.5 0.312 225    0.886     2.11\n bollopen      4.5 0.312 225    3.886     5.11\n flowerbud     3.6 0.312 225    2.986     4.21\n vegetative    3.1 0.312 225    2.486     3.71\n\nConfidence level used: 0.95 \n\ncld(media_bolls, Letters = letters)\n\ndefoliation = 0:\n stage      emmean    SE  df lower.CL upper.CL .group\n flowerbud     4.2 0.312 225    3.586     4.81  a    \n boll          4.3 0.312 225    3.686     4.91  a    \n vegetative    4.5 0.312 225    3.886     5.11  a    \n blossom       4.7 0.312 225    4.086     5.31  a    \n bollopen      5.0 0.312 225    4.386     5.61  a    \n\ndefoliation = 25:\n stage      emmean    SE  df lower.CL upper.CL .group\n blossom       2.9 0.312 225    2.286     3.51  a    \n boll          3.5 0.312 225    2.886     4.11  ab   \n flowerbud     4.7 0.312 225    4.086     5.31   bc  \n bollopen      5.0 0.312 225    4.386     5.61    c  \n vegetative    5.0 0.312 225    4.386     5.61    c  \n\ndefoliation = 50:\n stage      emmean    SE  df lower.CL upper.CL .group\n blossom       2.9 0.312 225    2.286     3.51  a    \n bollopen      4.1 0.312 225    3.486     4.71  ab   \n vegetative    4.3 0.312 225    3.686     4.91   b   \n boll          4.4 0.312 225    3.786     5.01   b   \n flowerbud     4.4 0.312 225    3.786     5.01   b   \n\ndefoliation = 75:\n stage      emmean    SE  df lower.CL upper.CL .group\n blossom       3.0 0.312 225    2.386     3.61  a    \n boll          3.1 0.312 225    2.486     3.71  a    \n vegetative    4.0 0.312 225    3.386     4.61  ab   \n flowerbud     4.4 0.312 225    3.786     5.01   b   \n bollopen      4.4 0.312 225    3.786     5.01   b   \n\ndefoliation = 100:\n stage      emmean    SE  df lower.CL upper.CL .group\n boll          1.5 0.312 225    0.886     2.11  a    \n blossom       2.3 0.312 225    1.686     2.91  ab   \n vegetative    3.1 0.312 225    2.486     3.71   bc  \n flowerbud     3.6 0.312 225    2.986     4.21    cd \n bollopen      4.5 0.312 225    3.886     5.11     d \n\nConfidence level used: 0.95 \nP value adjustment: tukey method for comparing a family of 5 estimates \nsignificance level used: alpha = 0.05 \nNOTE: If two or more means share the same grouping symbol,\n      then we cannot show them to be different.\n      But we also did not show them to be the same. \n\n#Pós-hoc: teste de Tukey para stage (significativo)\n#decompões as médias de cada nivel de desfolha dentro dos estádios \n#mostrar as diferenças estatísticas para letras na linha (minusculas). \nmedia_defoliation &lt;- emmeans(modelo_bolls, ~ defoliation | stage)\nmedia_defoliation\n\nstage = blossom:\n defoliation emmean    SE  df lower.CL upper.CL\n 0              4.7 0.312 225    4.086     5.31\n 25             2.9 0.312 225    2.286     3.51\n 50             2.9 0.312 225    2.286     3.51\n 75             3.0 0.312 225    2.386     3.61\n 100            2.3 0.312 225    1.686     2.91\n\nstage = boll:\n defoliation emmean    SE  df lower.CL upper.CL\n 0              4.3 0.312 225    3.686     4.91\n 25             3.5 0.312 225    2.886     4.11\n 50             4.4 0.312 225    3.786     5.01\n 75             3.1 0.312 225    2.486     3.71\n 100            1.5 0.312 225    0.886     2.11\n\nstage = bollopen:\n defoliation emmean    SE  df lower.CL upper.CL\n 0              5.0 0.312 225    4.386     5.61\n 25             5.0 0.312 225    4.386     5.61\n 50             4.1 0.312 225    3.486     4.71\n 75             4.4 0.312 225    3.786     5.01\n 100            4.5 0.312 225    3.886     5.11\n\nstage = flowerbud:\n defoliation emmean    SE  df lower.CL upper.CL\n 0              4.2 0.312 225    3.586     4.81\n 25             4.7 0.312 225    4.086     5.31\n 50             4.4 0.312 225    3.786     5.01\n 75             4.4 0.312 225    3.786     5.01\n 100            3.6 0.312 225    2.986     4.21\n\nstage = vegetative:\n defoliation emmean    SE  df lower.CL upper.CL\n 0              4.5 0.312 225    3.886     5.11\n 25             5.0 0.312 225    4.386     5.61\n 50             4.3 0.312 225    3.686     4.91\n 75             4.0 0.312 225    3.386     4.61\n 100            3.1 0.312 225    2.486     3.71\n\nConfidence level used: 0.95 \n\ncld(media_defoliation, Letters = letters)\n\nstage = blossom:\n defoliation emmean    SE  df lower.CL upper.CL .group\n 100            2.3 0.312 225    1.686     2.91  a    \n 50             2.9 0.312 225    2.286     3.51  a    \n 25             2.9 0.312 225    2.286     3.51  a    \n 75             3.0 0.312 225    2.386     3.61  a    \n 0              4.7 0.312 225    4.086     5.31   b   \n\nstage = boll:\n defoliation emmean    SE  df lower.CL upper.CL .group\n 100            1.5 0.312 225    0.886     2.11  a    \n 75             3.1 0.312 225    2.486     3.71   b   \n 25             3.5 0.312 225    2.886     4.11   bc  \n 0              4.3 0.312 225    3.686     4.91   bc  \n 50             4.4 0.312 225    3.786     5.01    c  \n\nstage = bollopen:\n defoliation emmean    SE  df lower.CL upper.CL .group\n 50             4.1 0.312 225    3.486     4.71  a    \n 75             4.4 0.312 225    3.786     5.01  a    \n 100            4.5 0.312 225    3.886     5.11  a    \n 0              5.0 0.312 225    4.386     5.61  a    \n 25             5.0 0.312 225    4.386     5.61  a    \n\nstage = flowerbud:\n defoliation emmean    SE  df lower.CL upper.CL .group\n 100            3.6 0.312 225    2.986     4.21  a    \n 0              4.2 0.312 225    3.586     4.81  a    \n 75             4.4 0.312 225    3.786     5.01  a    \n 50             4.4 0.312 225    3.786     5.01  a    \n 25             4.7 0.312 225    4.086     5.31  a    \n\nstage = vegetative:\n defoliation emmean    SE  df lower.CL upper.CL .group\n 100            3.1 0.312 225    2.486     3.71  a    \n 75             4.0 0.312 225    3.386     4.61  ab   \n 50             4.3 0.312 225    3.686     4.91  ab   \n 0              4.5 0.312 225    3.886     5.11   b   \n 25             5.0 0.312 225    4.386     5.61   b   \n\nConfidence level used: 0.95 \nP value adjustment: tukey method for comparing a family of 5 estimates \nsignificance level used: alpha = 0.05 \nNOTE: If two or more means share the same grouping symbol,\n      then we cannot show them to be different.\n      But we also did not show them to be the same. \n\n#para o CV (coeficiente de variação do modelo) da tabela \ncv.model(modelo_bolls)\n\n[1] 25.1962\n\n\nTabela 3 - Resultado do teste de Tukey\n\n\n\nEstádio\n0\n25\n50\n75\n100\n\n\n\n\nfloração\n4,7 Ab\n2,9 Aa\n2,9 Aa\n3,0 Aa\n2,3 ABa\n\n\ncapulhos\n4,3 Ac\n3,5 ABbc\n4,4 Bbc\n3,1 Ab\n1,5 Aa\n\n\nmaçãs\n5,0 Aa\n5,0 Ca\n4,1 ABa\n4,4 Ba\n4,5 Da\n\n\nbotão floral\n4,2 Aa\n4,7 BCa\n4,4 Ba\n4,4 Ba\n3,6 CDa\n\n\nvegetativo\n4,5 Ab\n5,0 Cb\n4,3 Bab\n4,0 ABab\n3,1 BCa\n\n\n\nCV = 25,19\nMédias seguidas pela mesma letra maiúscula na coluna, e minúscula na linha, não diferem estatisticamente entre si pelo teste de Tukey a 5% de probabilidade."
  },
  {
    "objectID": "ultimo.html#altura-das-plantas-cm-variável-height",
    "href": "ultimo.html#altura-das-plantas-cm-variável-height",
    "title": "Análises inferênciais dos dados do experimento",
    "section": "Altura das plantas (cm) (Variável “height”)",
    "text": "Altura das plantas (cm) (Variável “height”)\nAnálise de regressão utilizada para a variável quantitativa (nível de desfolha).\n\ndata(silva.cotton)\ndat &lt;- silva.cotton\ndat$defoliation_num &lt;- as.numeric(as.character(dat$defoliation))\nmodel &lt;- lm(height ~ defoliation_num + stage, data = dat)\nsummary(model)\n\n\nCall:\nlm(formula = height ~ defoliation_num + stage, data = dat)\n\nResiduals:\n    Min      1Q  Median      3Q     Max \n-25.524  -4.676   0.598   4.765  24.824 \n\nCoefficients:\n                Estimate Std. Error t value Pr(&gt;|t|)    \n(Intercept)     66.50200    1.22391  54.336  &lt; 2e-16 ***\ndefoliation_num  0.02696    0.01308   2.061  0.04041 *  \nstageboll       -4.63000    1.46286  -3.165  0.00175 ** \nstagebollopen    0.69000    1.46286   0.472  0.63758    \nstageflowerbud   3.88000    1.46286   2.652  0.00852 ** \nstagevegetative  6.93000    1.46286   4.737 3.68e-06 ***\n---\nSignif. codes:  0 '***' 0.001 '**' 0.01 '*' 0.05 '.' 0.1 ' ' 1\n\nResidual standard error: 7.314 on 244 degrees of freedom\nMultiple R-squared:  0.2348,    Adjusted R-squared:  0.2191 \nF-statistic: 14.97 on 5 and 244 DF,  p-value: 8.098e-13\n\nmodelo_interacao &lt;- lm(height ~ defoliation_num * stage, data = dat)\nsummary(modelo_interacao)\n\n\nCall:\nlm(formula = height ~ defoliation_num * stage, data = dat)\n\nResiduals:\n    Min      1Q  Median      3Q     Max \n-26.120  -4.317   0.455   4.610  25.420 \n\nCoefficients:\n                                Estimate Std. Error t value Pr(&gt;|t|)    \n(Intercept)                     65.31000    1.78424  36.604  &lt; 2e-16 ***\ndefoliation_num                  0.05080    0.02914   1.744 0.082523 .  \nstageboll                       -0.78000    2.52329  -0.309 0.757498    \nstagebollopen                    1.51000    2.52329   0.598 0.550121    \nstageflowerbud                   3.19000    2.52329   1.264 0.207377    \nstagevegetative                  8.91000    2.52329   3.531 0.000496 ***\ndefoliation_num:stageboll       -0.07700    0.04121  -1.869 0.062883 .  \ndefoliation_num:stagebollopen   -0.01640    0.04121  -0.398 0.690978    \ndefoliation_num:stageflowerbud   0.01380    0.04121   0.335 0.737986    \ndefoliation_num:stagevegetative -0.03960    0.04121  -0.961 0.337497    \n---\nSignif. codes:  0 '***' 0.001 '**' 0.01 '*' 0.05 '.' 0.1 ' ' 1\n\nResidual standard error: 7.284 on 240 degrees of freedom\nMultiple R-squared:  0.2535,    Adjusted R-squared:  0.2255 \nF-statistic: 9.056 on 9 and 240 DF,  p-value: 9.001e-12\n\nanova(model, modelo_interacao) \n\nAnalysis of Variance Table\n\nModel 1: height ~ defoliation_num + stage\nModel 2: height ~ defoliation_num * stage\n  Res.Df   RSS Df Sum of Sq      F Pr(&gt;F)\n1    244 13054                           \n2    240 12734  4    319.68 1.5063  0.201\n\n#O modelo sem interação é melhor, por ser mais parcimonioso (menos termos) e não ter perda real de explicação da variância.\n\nshapiro.test(residuals(model))\n\n\n    Shapiro-Wilk normality test\n\ndata:  residuals(model)\nW = 0.99449, p-value = 0.5004\n\ndat$defoliation &lt;- as.factor(dat$defoliation)\nleveneTest(height ~ stage * defoliation, data = dat)\n\nLevene's Test for Homogeneity of Variance (center = median)\n       Df F value Pr(&gt;F)\ngroup  24  1.0675 0.3828\n      225               \n\n#Apesar da variabilidade da altura ser fortemente explicada pelo estágio de desenvolvimento das plantas, a desfolha apresentou um efeito positivo pequeno mas estatisticamente significativo, independente do estágio. A inclusão da interação entre desfolha e estágio não melhorou o ajuste do modelo, sugerindo que o impacto da desfolha é relativamente constante ao longo dos estágios fenológicos.\n\n# Cores para estágios\ncores_fill &lt;- c(\n  \"blossom\" = \"#CC79A7\",\n  \"boll\" = \"#E69F00\",\n  \"bollopen\" = \"#56B4E9\",\n  \"flowerbud\" = \"#009E73\",\n  \"vegetative\" = \"#F0E442\"\n)\n\ndat$stage &lt;- factor(dat$stage, levels = names(cores_fill))\n\n# Criar dados para predição\nnewdata &lt;- expand.grid(\n  defoliation_num = seq(min(dat$defoliation_num), max(dat$defoliation_num), length.out = 100),\n  stage = levels(dat$stage)\n)\n\n# Extrair coeficientes do modelo\ncoef_model &lt;- coef(model)\n\n# Calcular predição manualmente (sem interação)\nnewdata$fit &lt;- coef_model[\"(Intercept)\"] + \n  coef_model[\"defoliation_num\"] * newdata$defoliation_num + \n  ifelse(newdata$stage == levels(dat$stage)[1], 0,\n         coef_model[paste0(\"stage\", newdata$stage)])\n\n# Plot\nggplot(dat, aes(x = defoliation_num, y = height, color = stage)) +\n  geom_point(alpha = 0.6) +\n  geom_line(data = newdata, aes(x = defoliation_num, y = fit, color = stage), size = 1) +\n  scale_color_manual(values = cores_fill) +\n  labs(\n    title = \"Altura das plantas em função da desfolha e do estádio fenológico\",\n    x = \"Desfolha (%)\",\n    y = \"Altura das plantas (cm)\",\n    color = \"Estádio\"\n  ) +\n  theme_minimal()\n\n\n\n\n\n\n\n\nJá para a análise da variável qualitativa (Estádio de desenvolvimento da planta), utilizaremos o teste Tukey e apresentaremos os resultados por meio de boxplot\n\nemmeans_stage &lt;- emmeans(model, ~ stage)\nletras2 &lt;- cld(emmeans_stage, Letters = letters)\n\nymax &lt;- max(dat$height, na.rm = TRUE)\n\nggplot(dat, aes(x = stage, y = height)) +\n  geom_boxplot(fill = \"lightgreen\", alpha = 0.6, outlier.shape = NA) +\n  geom_jitter(width = 0.1, alpha = 0.3) +\n  geom_text(data = letras2,\n            aes(x = stage, y = ymax + 2, label = .group),\n            size = 5) +\n  labs(\n    x = \"Estádio fenológico\",\n    y = \"Altura da planta (cm)\",\n    title = \"Altura das plantas em diferentes estádios fenológicos do algodoeiro\"\n  ) +\n  theme_minimal()"
  },
  {
    "objectID": "ultimo.html#número-de-nós-variável-nodes",
    "href": "ultimo.html#número-de-nós-variável-nodes",
    "title": "Análises inferênciais dos dados do experimento",
    "section": "Número de nós (Variável “nodes”)",
